CHROMATOGRAM
E:\Ipsita\BSH_Zarrinpar\RT_match\Raw_data\P1_C12_BHI_50DMSO_25MeOH.raw
Data points: 2903
Time(min),Relative Abundance
0.003750117,0
0.008348015,0
0.011493765,0
0.013816666,0
0.016141648,0
0.018464564,0
0.020787449,0
0.023112447,0
0.025435348,0
0.027758232,0
0.03008323,0
0.032406115,0
0.034731097,0
0.037053982,0
0.049324798,0
0.053564297,0
0.055887217,0
0.058212184,0
0.0605351,0
0.062858001,0
0.065182983,0
0.067505883,0
0.069828784,0
0.07215375,0
0.074476631,0
0.076801649,0
0.079124549,0
0.081447434,0
0.083772416,0
0.086095332,0
0.088418233,0
0.093257784,0
0.095582767,0
0.097905667,0
0.10022857,0
0.10255355,0
0.10487645,0
0.10720143,0
0.10952432,0
0.11184722,0
0.11417222,0
0.11649512,0
0.11881802,0
0.121143,0
0.1234659,0
0.12579087,0
0.12811377,0
0.13043668,0
0.13276166,0
0.13508456,0
0.13740746,0
0.13973245,0
0.14205535,0
0.14438031,0
0.14670321,0
0.14902611,0
0.15135112,0
0.15367402,0
0.15599691,0
0.15832192,0
0.1606448,0
0.16296978,0
0.16529267,0
0.16761558,0
0.16994057,0
0.17226345,0
0.1771051,0
0.17942802,0
0.18175298,0
0.18407587,0
0.18639878,0
0.18872377,0
0.19104668,0
0.19336957,0
0.19569456,0
0.19801747,0
0.20034243,0
0.20266533,0
0.20498825,0
0.2073132,0
0.21281108,0
0.22170895,0
0.2259506,0
0.2282735,0
0.2305964,0
0.23292138,0
0.23524428,0
0.23756925,0
0.23989215,0
0.24221505,0
0.24454005,0
0.24686295,0
0.24918583,0
0.25151081,0
0.25383373,0
0.2561587,0
0.26099617,0
0.26331908,0
0.26564408,0
0.26796697,0
0.27029197,0
0.27261485,0
0.27493776,0
0.27726271,0
0.27958565,0
0.28190853,0
0.28423351,0
0.28655641,0
0.2888814,0
0.2912043,0
0.29352718,0
0.2958522,0
0.29817508,0
0.30049798,0
0.30282298,0
0.30514587,0
0.30747085,0
0.30979375,0
0.31211663,0
0.31444163,0
0.31676453,0
0.31908745,0
0.3214124,0
0.32373533,0
0.32606031,0
0.3283832,0
0.3307061,0
0.3330311,0
0.335354,0
0.3376769,0
0.34251861,0
0.34484142,0
0.34716641,0
0.34948928,0
0.35181427,0
0.35413717,0
0.3564601,0
0.35878508,0
0.36110796,0
0.36343086,0
0.36575583,0
0.37415163,0
0.38792651,0
0.4069097,0
0.42502418,0
0.44418655,0
0.4621114,0
0.4786613,0
0.49646948,0
0.51354436,0
0.5286901,0
0.54767746,0
0.56559402,0
0.5847168,0
0.59917922,0
0.61660198,0
0.63330605,0
0.65069133,0
0.66412042,0
0.68314318,0
0.70432637,0
0.71446172,0
0.73055326,0
0.74707192,0
0.76347805,0
0.78222583,0
0.80103195,0
0.81977765,0
0.83570671,0
0.8559003,0
0.87347518,0
0.89266463,0
0.911727,0
0.93083103,0
0.94998088,0
0.96915785,0
0.98836605,0
1.0074763,0
1.0273866,0
1.0449323,0
1.0635114,0
1.0827383,0
1.1018319,0
1.1192235,0
1.1385358,0
1.1577877,0
1.1769272,0
1.1978229,0
1.2160603,0
1.2331372,0
1.2523892,0
1.2742349,0
1.293416,0
1.3127283,0
1.3320844,0
1.3512656,0
1.37318,0
1.3923674,0
1.4116235,0
1.4307942,0
1.4522794,0
1.4713126,0
1.4863709,0
1.5033187,0
1.5197914,0
1.5366893,0
1.5488371,0
1.5625516,0
1.5742453,0
1.5891097,0
1.6047492,0
1.6154137,0
1.6298136,0
1.6446781,0
1.6611259,0
1.6751862,0
1.6900007,0
1.7044839,0
1.7195046,0
1.7343358,0
1.7503982,0
1.7654606,0
1.7842542,0
1.7979541,0
1.8109748,0
1.8266664,0
1.8385225,0
1.8523329,0
1.8672182,0
1.8846681,0
1.897443,0
1.9119137,0
1.9275844,0
1.9399052,0
1.9547259,0
1.9712487,0
1.9880111,0
2.0035985,0
2.0226629,0
2.0370899,0
2.0536731,0
2.071698,0
2.0853062,0
2.1027061,0
2.1249164,0
2.1443079,0
2.1637432,0
2.1795576,0
2.1943659,0
2.2133199,0
2.2306739,0
2.2487384,0
2.2661112,0
2.2875131,0
2.3062255,0
2.3258066,0
2.3452065,0
2.3663792,0
2.3836041,0
2.4021498,0
2.4215664,0
2.4436495,0
2.4589286,0
2.4783201,0
2.4982054,0
2.5174761,0
2.5380989,0
2.5576362,0
2.5771632,0
2.5969005,0
2.616465,0
2.6361003,0
2.6557522,0
2.6753708,0
2.6976248,0
2.7173122,0
2.7370683,0
2.7566931,0
2.7790951,0
2.7984762,0
2.8180844,0
2.8375572,0
2.8597028,0
2.8790173,0
2.8970776,0
2.9146504,0
2.9322878,0
2.9540689,0
2.973602,0
2.9931853,0
3.0127956,0
3.0352537,0
3.0549369,0
3.0731993,0
3.0931283,0
3.0978678,0
3.1179073,0
3.1261635,0
3.1460008,0
3.1655757,0
3.1850318,0
3.2072087,0
3.226819,0
3.2465189,0
3.2661937,0
3.2777978,0
3.2893873,0
3.2975352,0
3.3058581,0
3.3094413,0
3.312558,0
3.3148809,0
3.3172038,0
3.3219642,0
3.329085,0
3.3328162,0
3.3361557,0
3.3408953,0
3.3445619,0
3.3479057,0
3.3560619,0
3.3594994,0
3.3627743,0
3.3658993,0
3.3682222,0
3.3765263,0
3.3798096,0
3.3831117,0
3.3912637,0
3.399422,0
3.4040615,0
3.4110573,0
3.4145614,0
3.4192073,0
3.4225551,0
3.4263426,0
3.4292885,0
3.4316113,0
3.4339363,0
3.4362592,0
3.4385821,0
3.4467717,0
3.4502821,0
3.4536132,0
3.4618674,0
3.4689194,0
3.4736611,0
3.4876485,0
3.4947067,0
3.5087795,0
3.5162253,0
3.5268357,0
3.5409105,0
3.5491043,0
3.5597229,0
3.5713603,0
3.579502,0
3.5866061,0
3.5946789,0
3.598379,0
3.6013435,0
3.6036685,0
3.6059914,0
3.6142059,0
3.6257579,0
3.6328683,0
3.6436244,0
3.6518202,0
3.6553556,0
3.6584493,0
3.6607743,0
3.6630972,0
3.6654201,0
3.6677451,0
3.670068,0
3.6785242,0
3.6825012,0
3.68572,0
3.6977157,0
3.7014365,0
3.7048386,0
3.7096594,0
3.7135823,0
3.7166926,0
3.7249093,0
3.7320259,0
3.7391383,0
3.7461799,0
3.762482,0
3.7733464,0
3.7767527,0
3.7798006,0
3.7831797,0
3.7862317,0
3.7908693,0
3.7941546,0
3.7972504,0
3.8020067,0
3.8052629,0
3.8123608,0
3.8264127,0
3.8403709,0
3.8513188,0
3.8595625,0
3.870027,0
3.8895706,0
3.9056809,0
3.9254516,0
3.9442806,0
3.9523535,0
3.9594576,0
3.9675326,0
3.9746221,0
3.9780658,0
3.9897699,0
3.9931136,0
3.9964011,0
3.9996157,0
4.002949,0
4.0061386,0
4.0084614,0
4.0167551,0
4.0202488,0
4.0234988,0
4.028253,0
4.031778,0
4.0351383,0
4.0399071,0
4.0434487,0
4.0468653,0
4.0491882,0
4.0515132,0
4.0538361,0
4.0620173,0
4.0655756,0
4.0687631,0
4.0734693,0
4.0769506,0
4.0801276,0
4.0824505,0
4.0847734,0
4.0870984,0
4.0894213,0
4.0969108,0
4.1015503,0
4.1050774,0
4.1083753,0
4.1115649,0
4.1162044,0
4.1197815,0
4.1229919,0
4.1253148,0
4.1300231,0
4.138146,0
4.148773,0
4.1523146,0
4.1606208,0
4.1677666,0
4.1748228,0
4.182329,0
4.1893769,0
4.1927164,0
4.1997997,0
4.2030184,0
4.2063371,0
4.2096684,0
4.2128934,0
4.2161995,0
4.2209391,0
4.2243058,0
4.2276432,0
4.2309495,0
4.2341307,0
4.2364557,0
4.2387786,0
4.2411015,0
4.2434264,0
4.2457494,0
4.2480743,0
4.2503972,0
4.2527202,0
4.2550451,0
4.2588076,0
4.2611305,0
4.265845,0
4.2739346,0
4.2772325,0
4.280522,0
4.2885928,0
4.2956136,0
4.3027531,0
4.3073927,0
4.3109072,0
4.3140697,0
4.3187426,0
4.3258842,0
4.3306738,0
4.3343321,0
4.3376592,0
4.3451841,0
4.3488695,0
4.3519632,0
4.3542882,0
4.3566111,0
4.358934,0
4.3612589,0
4.3661006,0
4.373261,0
4.3804213,0
4.3943733,0
4.4015295,0
4.4047837,0
4.4190169,0
4.4296814,0
4.4405959,0
4.4566645,0
4.4727748,0
4.4888039,0
4.5003455,0
4.5165954,0
4.5199391,0
4.5230557,0
4.5312453,0
4.5344161,0
4.5414098,0
4.5484431,0
4.5516805,0
4.5547555,0
4.5594763,0
4.5665888,0
4.5698242,0
4.5730741,0
4.5813116,0
4.5897011,0
4.6043051,0
4.6125051,0
4.6288237,0
4.6450069,0
4.6568652,0
4.6675526,0
4.6721922,0
4.6866983,0
4.6938753,0
4.707917,0
4.7185085,0
4.7256105,0
4.7338646,0
4.7456813,0
4.7528645,0
4.7560541,0
4.7635811,0
4.7667623,0
4.7751061,0
4.7822143,0
4.7868559,0
4.795283,0
4.8035037,0
4.8150182,0
4.8232307,0
4.8303307,0
4.8337515,0
4.8368702,0
4.8442327,0
4.847543,0
4.8509014,0
4.8541534,0
4.8574617,0
4.8622992,0
4.8659408,0
4.8691533,0
4.8714762,0
4.8737991,0
4.8761241,0
4.878447,0
4.8807699,0
4.8830949,0
4.8854178,0
4.8877427,0
4.8924656,0
4.8959428,0
4.8992239,0
4.9015489,0
4.9038718,0
4.9061968,0
4.9085197,0
4.9108426,0
4.9131676,0
4.9179446,0
4.9216217,0
4.924905,0
4.9272279,0
4.9295529,0
4.9318758,0
4.9341987,0
4.9365236,0
4.9388465,0
4.9411715,0
4.9434944,0
4.9458174,0
4.9481423,0
4.9504652,0
4.9527881,0
4.9574277,0
4.9610297,0
4.9642901,0
4.9666151,0
4.9714547,0
4.9786129,0
4.9832525,0
4.993842,0
5.0009982,0
5.0080877,0
5.0223085,0
5.0256147,0
5.0287355,0
5.0358855,0
5.0391417,0
5.0498208,0
5.0530541,0
5.0600853,0
5.0632895,0
5.0775039,0
5.0846351,0
5.0917642,0
5.1058579,0
5.1090787,0
5.1122682,0
5.1204724,0
5.1235744,0
5.128214,0
5.1313139,0
5.138416,0
5.1417284,0
5.1450639,0
5.1557846,0
5.1640054,0
5.1671762,0
5.1778136,0
5.1911489,0
5.1957906,0
5.2099092,0
5.2240008,0
5.2346945,0
5.2464361,0
5.2547902,0
5.2666692,0
5.2857045,0
5.2998253,0
5.307846,0
5.3148418,0
5.3179314,0
5.3212126,0
5.3245147,0
5.3326604,0
5.3375,0
5.345077,0
5.3498374,0
5.353252,0
5.3565874,0
5.3597457,0
5.3643873,0
5.3678935,0
5.3710893,0
5.3734143,0
5.3781768,0
5.3816247,0
5.3849997,0
5.3883455,0
5.3914913,0
5.3938142,0
5.3961392,0
5.3984621,0
5.400785,0
5.4031099,0
5.4054329,0
5.4077578,0
5.4100807,0
5.4124037,0
5.4147286,0
5.4170515,0
5.4193744,0
5.4216994,0
5.4240223,0
5.4263452,0
5.4286702,0
5.4309931,0
5.4333181,0
5.435641,0
5.4379639,0
5.4402888,0
5.4426118,0
5.4449346,0
5.4472596,0
5.4495826,0
5.4519075,0
5.4542304,0
5.4565533,0
5.4588783,0
5.4612012,0
5.4635241,0
5.4658491,0
5.468172,0
5.470497,0
5.4753386,0
5.4793198,0
5.4824636,0
5.4847865,0
5.4871114,0
5.4894343,0
5.4917573,0
5.4940822,0
5.498903,0
5.5028592,0
5.5061676,0
5.5103155,0
5.5126383,0
5.5149612,0
5.5172862,0
5.5196091,0
5.521932,0
5.524257,0
5.5265799,0
5.5289049,0
5.5338507,0
5.5379569,0
5.5411757,0
5.5434986,0
5.5458214,0
5.5481464,0
5.5504693,0
5.5527943,0
5.5551172,0
5.5574401,0
5.5597651,0
5.562088,0
5.5644109,0
5.5667359,0
5.5690588,0
5.5713838,0
5.5737067,0
5.5760296,0
5.5783546,0
5.5806775,0
5.5830004,0
5.5853253,0
5.5876482,0
5.5923357,0
5.5946607,0
5.5969836,0
5.5993065,0
5.6016315,0
5.6039544,0
5.6062793,0
5.6086022,0
5.6109251,0
5.6132501,0
5.6155731,0
5.6178959,0
5.620221,0
5.6225438,0
5.6248688,0
5.6271917,0
5.6295146,0
5.6318396,0
5.6341625,0
5.6364854,0
5.6388104,0
5.6411333,0
5.6466291,0
5.6508707,0
5.6531957,0
5.6555186,0
5.6578415,0
5.6601665,0
5.6624894,0
5.6648123,0
5.6702998,0
5.6745476,0
5.6793934,0
5.6817184,0
5.6840413,0
5.6863663,0
5.6886892,0
5.6910267,0
5.6933496,0
5.6956746,0
5.6979975,0
5.7034891,0
5.7075578,0
5.7098828,0
5.7122057,0
5.7145286,0
5.7168536,0
5.7191765,0
5.7214994,0
5.7238244,0
5.7261473,0
5.7284722,0
5.7308097,0
5.7331326,0
5.7354576,0
5.7377805,0
5.7401034,0
5.7424284,0
5.7447513,0
5.7470742,0
5.7493992,0
5.7517221,0
5.754047,0
5.7588825,0
5.7612054,0
5.7635283,0
5.7658532,0
5.7681761,0
5.7705011,0
5.772824,0
5.7751469,0
5.7774719,0
5.7797948,0
5.7821177,0
5.7844427,0
5.7867656,0
5.7891052,0
5.7914281,0
5.793751,0
5.7960759,0
5.7983988,0
5.8007238,0
5.8030467,0
5.8053696,0
5.8076946,0
5.8100175,0
5.8154925,0
5.8195633,0
5.8218862,0
5.8242091,0
5.826534,0
5.828857,0
5.8311799,0
5.8335049,0
5.8358277,0
5.8412485,0
5.8461339,0
5.8484589,0
5.8507818,0
5.8531047,0
5.8584255,0
5.8624567,0
5.8658234,0
5.8681463,0
5.8733671,0
5.8774004,0
5.8807732,0
5.8830961,0
5.8854211,0
5.887744,0
5.8900669,0
5.8923919,0
5.8947148,0
5.8970377,0
5.8993627,0
5.9016856,0
5.9040106,0
5.9063335,0
5.9086564,0
5.9109814,0
5.9133043,0
5.9156272,0
5.9179521,0
5.920275,0
5.9226,0
5.9274105,0
5.9297333,0
5.9320583,0
5.9343812,0
5.9367041,0
5.9390291,0
5.941352,0
5.9436749,0
5.9459999,0
5.9483228,0
5.9506478,0
5.9529707,0
5.9552935,0
5.9576185,0
5.9599414,0
5.9622664,0
5.9645893,0
5.9669122,0
5.9692372,0
5.9715601,0
5.973883,0
5.976208,0
5.9785309,0
5.9808559,0
5.986183,0
5.9904163,0
5.9927391,0
5.9950641,0
5.997387,0
5.999712,0
6.0020349,0
6.0043578,0
6.009114,0
6.0145307,0
6.0188577,0
6.0219035,0
6.0242264,0
6.0265493,0
6.0288743,0
6.0311972,0
6.0335201,0
6.0358451,0
6.038168,0
6.0433971,0
6.0475721,0
6.0527991,0
6.0569534,0
6.0600636,0
6.0651636,0
6.0691053,0
6.0724719,0
6.0747948,0
6.0771198,0
6.0794427,0
6.0817656,0
6.0840906,0
6.0864135,0
6.0887385,0
6.0931051,0
6.095428,0
6.0977509,0
6.1000759,0
6.1023988,0
6.1047238,0
6.1070466,0
6.1093696,0
6.1116945,0
6.1140174,0
6.1163404,0
6.1186653,0
6.1209882,0
6.1233132,0
6.1256361,0
6.127959,0
6.130284,0
6.1326069,0
6.1349298,0
6.1372548,0
6.1395777,0
6.1419026,0
6.1442256,0
6.1465485,0
6.1488735,0
6.1511963,0
6.1563484,0
6.1604255,0
6.1637379,0
6.1660608,0
6.1683859,0
6.1707087,0
6.1751837,0
6.1775087,0
6.1798316,0
6.184894,0
6.1891711,0
6.1924961,0
6.194819,0
6.1971439,0
6.1994668,0
6.2017897,0
6.2041147,0
6.2064376,0
6.2087605,0
6.2138605,0
6.2181855,0
6.2215125,0
6.2238354,0
6.2261583,0
6.2284833,0
6.2308062,0
6.2331291,0
6.2354541,0
6.237777,0
6.240102,0
6.2424249,0
6.2447478,0
6.2470728,0
6.2493957,0
6.2517186,0
6.2540435,0
6.2585727,0
6.2608956,0
6.2632206,0
6.2655435,0
6.2678664,0
6.2701914,0
6.2725142,0
6.2748371,0
6.2771621,0
6.279485,0
6.2847058,0
6.2887933,0
6.2921016,0
6.2944245,0
6.2967495,0
6.2990724,0
6.3013974,0
6.3037203,0
6.3060432,0
6.3083682,0
6.3106911,0
6.313014,0
6.3153389,0
6.3176618,0
6.3199868,0
6.3223097,0
6.3275535,0
6.3316138,0
6.3349638,0
6.3372867,0
6.3396117,0
6.3441513,0
6.3464741,0
6.3487991,0
6.3540533,0
6.3582595,0
6.361572,0
6.3638949,0
6.3662198,0
6.3714469,0
6.3756302,0
6.3788114,0
6.3839426,0
6.3881551,0
6.3913759,0
6.3937009,0
6.3960238,0
6.3983467,0
6.4006717,0
6.4029946,0
6.4053175,0
6.4076425,0
6.4099654,0
6.4122903,0
6.4146133,0
6.4169362,0
6.4192611,0
6.421584,0
6.4260549,0
6.4283777,0
6.4307027,0
6.4330256,0
6.4353506,0
6.4376735,0
6.4399964,0
6.4423214,0
6.4446443,0
6.4469693,0
6.4492922,0
6.4516151,0
6.45394,0
6.4562629,0
6.4585859,0
6.4609108,0
6.4632337,0
6.4655566,0
6.4678816,0
6.4702045,0
6.4725295,0
6.4748524,0
6.4771753,0
6.4795003,0
6.4818232,0
6.4841461,0
6.4864711,0
6.488794,0
6.491119,0
6.496321,0
6.5005898,0
6.5039189,0
6.5085022,0
6.5108251,0
6.5131501,0
6.5154729,0
6.5177958,0
6.5230604,0
6.5272771,0
6.5305083,0
6.5328332,0
6.5351561,0
6.5374791,0
6.539804,0
6.5421269,0
6.5444519,0
6.5467748,0
6.5520352,0
6.5560102,0
6.5594206,0
6.5617435,0
6.5640664,0
6.5663913,0
6.5687142,0
6.5710392,0
6.5733621,0
6.575685,0
6.57801,0
6.5803329,0
6.5826579,0
6.5849808,0
6.5873037,0
6.5918766,0
6.5941995,0
6.5965245,0
6.5988474,0
6.6011703,0
6.6034952,0
6.6058181,0
6.6081411,0
6.6104661,0
6.612789,0
6.6151118,0
6.6174368,0
6.6197597,0
6.6220847,0
6.6244076,0
6.6267305,0
6.6290555,0
6.6313784,0
6.6337034,0
6.6360263,0
6.6383492,0
6.6406741,0
6.642997,0
6.64532,0
6.6476449,0
6.6499678,0
6.6522907,0
6.6546157,0
6.6569386,0
6.6592636,0
6.6615865,0
6.6666469,0
6.6709428,0
6.6753676,0
6.6776905,0
6.6800135,0
6.6823385,0
6.6846613,0
6.6869842,0
6.6920863,0
6.6962988,0
6.6993529,0
6.7016758,0
6.7040008,0
6.7063237,0
6.7086487,0
6.7109716,0
6.7132945,0
6.7156194,0
6.7206382,0
6.7248277,0
6.7280819,0
6.7304069,0
6.7327298,0
6.7350527,0
6.7373777,0
6.7397005,0
6.7420255,0
6.7443484,0
6.7466713,0
6.7489963,0
6.7513192,0
6.7536421,0
6.7559671,0
6.7604068,0
6.7627296,0
6.7650524,0
6.7673774,0
6.7697003,0
6.7720253,0
6.7743482,0
6.7766711,0
6.7789961,0
6.781319,0
6.7836419,0
6.7859669,0
6.7882898,0
6.7906148,0
6.7929377,0
6.7952605,0
6.7975856,0
6.7999085,0
6.8022314,0
6.8045563,0
6.8068792,0
6.8092042,0
6.8115271,0
6.81385,0
6.816175,0
6.8184979,0
6.8208208,0
6.8231458,0
6.8254687,0
6.8277937,0
6.8301166,0
6.8324395,0
6.8375186,0
6.8417707,0
6.8460914,0
6.8484143,0
6.8507393,0
6.8530622,0
6.8553851,0
6.8577101,0
6.8627289,0
6.8668413,0
6.8701184,0
6.8724413,0
6.8747662,0
6.8798392,0
6.8839537,0
6.8889641,0
6.8930515,0
6.8962432,0
6.8985682,0
6.9008911,0
6.903216,0
6.905539,0
6.9078618,0
6.9101868,0
6.9125097,0
6.9148326,0
6.9171576,0
6.9194805,0
6.9218055,0
6.9261534,0
6.9284763,0
6.9308013,0
6.9331242,0
6.9354492,0
6.9377721,0
6.940095,0
6.9424199,0
6.9447428,0
6.9470657,0
6.9493907,0
6.9517136,0
6.9540386,0
6.9563615,0
6.9586844,0
6.9610094,0
6.9633323,0
6.9656552,0
6.9679802,0
6.9703031,0
6.9726281,0
6.974951,0
6.9772739,0
6.9795988,0
6.9819217,0
6.9842446,0
6.9865697,0
6.9888925,0
6.9912155,0
6.9935404,0
6.9958633,0
6.9981883,0
7.0005112,0
7.0028341,0
7.0079424,0
7.012382,0
7.0154861,0
7.017809,0
7.0201319,0
7.0224569,0
7.0247798,0
7.0271027,0
7.0321777,0
7.0362297,0
7.0395318,0
7.0418567,0
7.0441796,0
7.0465046,0
7.0488275,0
7.0511504,0
7.0534754,0
7.0585962,0
7.0626628,0
7.0659982,0
7.0683211,0
7.070644,0
7.072969,0
7.0752919,0
7.0776169,0
7.0799398,0
7.0822627,0
7.0845877,0
7.0869106,0
7.0892335,0
7.0937168,0
7.0960397,0
7.0983626,0
7.1006876,0
7.1030105,0
7.1053334,0
7.1076584,0
7.1099813,0
7.1123062,0
7.1146291,0
7.116952,0
7.119277,0
7.1215999,0
7.1239228,0
7.1262478,0
7.1285707,0
7.1308957,0
7.1332186,0
7.1355415,0
7.1378665,0
7.1401894,0
7.1425123,0
7.1448373,0
7.1471602,0
7.1494852,0
7.1518081,0
7.154131,0
7.1564559,0
7.1587788,0
7.1611017,0
7.1634267,0
7.1657496,0
7.1680746,0
7.1703975,0
7.1727204,0
7.1806037,0
7.1848328,0
7.1881307,0
7.1904557,0
7.1927786,0
7.1951015,0
7.1974265,0
7.2025931,0
7.206616,0
7.2099389,0
7.2122618,0
7.2145847,0
7.2169097,0
7.2192326,0
7.2215555,0
7.2238805,0
7.2290075,0
7.2331137,0
7.2363012,0
7.2386262,0
7.2409491,0
7.243272,0
7.245597,0
7.2479199,0
7.2502428,0
7.2525677,0
7.2548907,0
7.2593614,0
7.2616864,0
7.2640093,0
7.2663322,0
7.2686572,0
7.2709801,0
7.2733051,0
7.275628,0
7.2779509,0
7.2802759,0
7.2825988,0
7.2849238,0
7.2872467,0
7.2895696,0
7.2918946,0
7.2942175,0
7.2965404,0
7.2988653,0
7.3011883,0
7.3035112,0
7.3058361,0
7.308159,0
7.310484,0
7.3128069,0
7.3151298,0
7.3174548,0
7.3197777,0
7.3221006,0
7.3244256,0
7.3267485,0
7.3290735,0
7.3313964,0
7.3337192,0
7.3360443,0
7.3383671,0
7.3428046,0
7.3451275,0
7.3502566,0
7.3544692,0
7.3577462,0
7.3600691,0
7.3623941,0
7.364717,0
7.3670399,0
7.3721357,0
7.3761481,0
7.3795169,0
7.3818418,0
7.3841647,0
7.3864877,0
7.3888126,0
7.3911355,0
7.3934584,0
7.3985813,0
7.4025938,0
7.4058875,0
7.4082104,0
7.4105354,0
7.4128583,0
7.4151833,0
7.4175062,0
7.4198291,0
7.4221541,0
7.4264061,0
7.428729,0
7.431054,0
7.4360102,0
7.4398873,0
7.4432289,0
7.4455518,0
7.4504789,0
7.4545059,0
7.4576517,0
7.4599767,0
7.4622996,0
7.4646246,0
7.4669475,0
7.4692704,0
7.4715954,0
7.4739183,0
7.4762412,0
7.4785662,0
7.4808891,0
7.483214,0
7.4855369,0
7.4878598,0
7.4901849,0
7.4925077,0
7.4948306,0
7.4971556,0
7.4994785,0
7.5018015,0
7.5041264,0
7.5084576,0
7.5107826,0
7.5131055,0
7.5154305,0
7.5203888,0
7.5244222,0
7.5276825,0
7.5300054,0
7.5323304,0
7.5346533,0
7.5369761,0
7.5419303,0
7.5460636,0
7.5494011,0
7.5517261,0
7.554049,0
7.5563719,0
7.5586969,0
7.5610197,0
7.5633426,0
7.5684009,0
7.5725843,0
7.576003,0
7.578328,0
7.5806509,0
7.5829737,0
7.5852987,0
7.5876216,0
7.5899466,0
7.5922695,0
7.5945924,0
7.5969174,0
7.5992403,0
7.6015632,0
7.6038882,0
7.6062111,0
7.6085361,0
7.610859,0
7.6131819,0
7.6155069,0
7.6178298,0
7.6201527,0
7.6224776,0
7.6248006,0
7.6271255,0
7.6294484,0
7.6317713,0
7.6340963,0
7.6364192,0
7.6387421,0
7.6410671,0
7.64339,0
7.645715,0
7.6480379,0
7.6503608,0
7.6526858,0
7.6550087,0
7.6573316,0
7.6596565,0
7.6619795,0
7.6643024,0
7.6666274,0
7.6689503,0
7.6712752,0
7.6756418,0
7.6779668,0
7.6802897,0
7.6826126,0
7.6849376,0
7.689973,0
7.6941356,0
7.6972813,0
7.6996042,0
7.7019292,0
7.7042521,0
7.706577,0
7.7116416,0
7.7157958,0
7.7189332,0
7.7212582,0
7.7235811,0
7.725904,0
7.728229,0
7.7305519,0
7.7328769,0
7.7379748,0
7.7422039,0
7.7453247,0
7.7476476,0
7.7499726,0
7.7522955,0
7.7546184,0
7.759058,0
7.7613829,0
7.7637058,0
7.7660287,0
7.7683537,0
7.7706766,0
7.7729995,0
7.7753245,0
7.7776474,0
7.7799724,0
7.7822953,0
7.7846182,0
7.7869432,0
7.7892661,0
7.791589,0
7.7939139,0
7.7962368,0
7.7985618,0
7.8008847,0
7.8032076,0
7.8055326,0
7.8078555,0
7.8101784,0
7.8125034,0
7.8148263,0
7.8171513,0
7.8194742,0
7.8217971,0
7.8241221,0
7.826445,0
7.8287679,0
7.8310928,0
7.8334157,0
7.8357407,0
7.8380636,0
7.8424449,0
7.8447678,0
7.8470928,0
7.8494156,0
7.8517385,0
7.8540635,0
7.8590968,0
7.8630822,0
7.8664093,0
7.8687322,0
7.8710571,0
7.8733801,0
7.8757029,0
7.8807758,0
7.884882,0
7.8880966,0
7.8904195,0
7.8927445,0
7.8950674,0
7.8973903,0
7.8997153,0
7.9020382,0
7.9070569,0
7.9110882,0
7.9144131,0
7.9167381,0
7.919061,0
7.921386,0
7.9257672,0
7.9280922,0
7.9304151,0
7.9327401,0
7.935063,0
7.9373859,0
7.9397108,0
7.9420337,0
7.9443566,0
7.9466816,0
7.9490045,0
7.9513295,0
7.9536524,0
7.9559753,0
7.9583003,0
7.9606232,0
7.9629461,0
7.9652711,0
7.967594,0
7.969919,0
7.9722419,0
7.9745648,0
7.9768897,0
7.9792126,0
7.9815376,0
7.9838605,0
7.9861834,0
7.9885084,0
7.9908313,0
7.9931542,0
7.9954792,0
7.9978021,0
8.000125,0
8.00245,0
8.0047729,0
8.0070979,0
8.0094208,0
8.0117437,0
8.0140686,0
8.0163916,0
8.0187144,0
8.0210394,0
8.0233623,0
8.0284831,0
8.032431,0
8.035856,0
8.038181,0
8.0405039,0
8.0428289,0
8.0451517,0
8.0501747,0
8.0542143,0
8.0575559,0
8.0598787,0
8.0622016,0
8.0645266,0
8.0668495,0
8.0691724,0
8.0714974,0
8.0766036,0
8.0806578,0
8.0839078,0
8.0862306,0
8.0885556,0
8.0929181,0
8.095241,0
8.097566,0
8.0998889,0
8.1022139,0
8.1045368,0
8.1068596,0
8.1091846,0
8.1115076,0
8.1138305,0
8.1161554,0
8.1184783,0
8.1208033,0
8.1231262,0
8.1254491,0
8.1277741,0
8.130097,0
8.1324199,0
8.1347449,0
8.1370678,0
8.1393927,0
8.1417157,0
8.1440386,0
8.1463636,0
8.1486865,0
8.1510093,0
8.1533343,0
8.1556572,0
8.1579802,0
8.1603051,0
8.162628,0
8.164953,0
8.1672759,0
8.1695988,0
8.1719238,0
8.1762842,0
8.1786092,0
8.1809321,0
8.183255,0
8.18558,0
8.1879028,0
8.1902278,0
8.1925507,0
8.1976257,0
8.2018548,0
8.2051756,0
8.2075006,0
8.2098235,0
8.2121464,0
8.2144714,0
8.2195339,0
8.2237422,0
8.2271047,0
8.2294296,0
8.2317525,0
8.2340754,0
8.2364004,0
8.2387233,0
8.2410483,0
8.2460899,0
8.2502732,0
8.2536003,0
8.2559253,0
8.2582482,0
8.2605732,0
8.2628961,0
8.265219,0
8.2675439,0
8.2698668,0
8.2721897,0
8.2745147,0
8.2768376,0
8.2791626,0
8.2814855,0
8.2838084,0
8.2861334,0
8.2884563,0
8.2907792,0
8.2931042,0
8.2954271,0
8.29775,0
8.300075,0
8.3023979,0
8.3047228,0
8.3070457,0
8.3093687,0
8.3116936,0
8.3140165,0
8.3163394,0
8.3186644,0
8.3209873,0
8.3233123,0
8.3256352,0
8.3279581,0
8.3302831,0
8.332606,0
8.3349289,0
8.3400309,0
8.3444288,0
8.3473892,0
8.3497121,0
8.3520371,0
8.35436,0
8.3593517,0
8.3631558,0
8.3680203,0
8.3719682,0
8.3752994,0
8.3776244,0
8.3799473,0
8.3822702,0
8.3845952,0
8.389391,0
8.3933347,0
8.3966347,0
8.3989576,0
8.4012805,0
8.4036055,0
8.4059284,0
8.4082513,0
8.4105763,0
8.4128992,0
8.4152241,0
8.4175471,0
8.4223345,0
8.4264178,0
8.4293636,0
8.4316886,0
8.4340115,0
8.4363344,0
8.4386594,0
8.4409823,0
8.4433073,0
8.4456302,0
8.4479531,0
8.4502781,0
8.452601,0
8.4549239,0
8.4572488,0
8.4620134,0
8.469003,0
8.4794091,0
8.4829924,0
8.4861299,0
8.4884528,0
8.4907757,0
8.4931007,0
8.4954236,0
8.4977465,0
8.5000715,0
8.5023944,0
8.5047193,0
8.5121464,0
8.5156068,0
8.5189755,0
8.5221547,0
8.5244797,0
8.5268025,0
8.5291275,0
8.5314504,0
8.53609,0
8.5394358,0
8.5427295,0
8.5473691,0
8.5508315,0
8.5539732,0
8.5586127,0
8.5620273,0
8.5651939,0
8.5767418,0
8.5872146,0
8.6066332,0
8.6205998,0
8.6401163,0
8.6595495,0
8.6790015,0
8.7011867,0
8.7205199,0
8.7398343,0
8.7592322,0
8.7813278,0
8.8007423,0
8.8201692,0
8.8395503,0
8.853894,0
8.8733563,0
8.8849583,0
8.9043499,0
8.9158894,0
8.9353205,0
8.9576245,0
8.9770868,0
8.9817951,0
9.0012137,0
9.0170137,0
9.0389531,0
9.0582571,0
9.0767403,0
9.0959735,0
9.11779,0
9.1371607,0
9.1565002,0
9.1759292,0
9.1980332,0
9.2175081,0
9.2369746,0
9.2564662,0
9.2791597,0
9.2873639,0
9.2908451,0
9.2945639,0
9.2977659,0
9.3000888,0
9.3024137,0
9.3047366,0
9.3070595,0
9.3093845,0
9.3117074,0
9.3140303,0
9.3163553,0
9.3217178,0
9.3258844,0
9.3288219,0
9.3406155,0
9.3482218,0
9.3528217,0
9.3559717,0
9.3582946,0
9.3606196,0
9.3629425,0
9.3652654,0
9.3675904,0
9.3699133,0
9.3722382,0
9.3745612,0
9.3768841,2264.19897460938
9.379209,0
9.3815319,1707.44372558594
9.3838548,0
9.3861798,0
9.3885027,0
9.3908277,0
9.3931506,0
9.3954735,0
9.3977985,0
9.4001214,0
9.4024443,0
9.4047693,0
9.4070922,0
9.4094151,0
9.41174,0
9.4140629,0
9.416388,0
9.4187109,0
9.4210337,0
9.4258754,0
9.4282003,0
9.4305232,0
9.4328462,0
9.4351712,0
9.4374941,0
9.439819,0
9.4421419,0
9.4444648,0
9.4467898,0
9.4491127,0
9.4514356,0
9.4537606,0
9.4560835,0
9.4584085,0
9.4607314,0
9.4630543,0
9.4653792,0
9.4677021,0
9.4700251,0
9.47235,0
9.4746729,0
9.4769979,0
9.4793208,0
9.4816437,0
9.4839687,0
9.4862916,0
9.4886145,0
9.4909395,0
9.496504,0
9.5005707,0
9.5028936,0
9.5052186,0
9.5097206,0
9.5120435,0
9.5143664,0
9.5166914,0
9.5190143,0
9.5213393,0
9.5236622,0
9.5259851,0
9.5283101,0
9.530633,0
9.5329559,0
9.5352809,0
9.5376037,0
9.5399287,0
9.5422516,0
9.5445745,0
9.5468995,0
9.5492224,0
9.5515453,0
9.5538703,0
9.5561932,0
9.5585182,0
9.5608411,0
9.563164,0
9.565489,0
9.5678119,0
9.5701348,0
9.5724598,0
9.5747827,0
9.5771076,0
9.5794305,0
9.5817534,0
9.5840784,0
9.5864014,0
9.5887242,0
9.5932346,0
9.5955575,0
9.5978804,0
9.6002054,0
9.6025283,0
9.6048512,0
9.6071762,0
9.6094991,0
9.6118241,0
9.614147,0
9.6164699,0
9.6187949,0
9.6211177,0
9.6234407,0
9.6257656,0
9.6280885,0
9.6304135,0
9.6327364,0
9.6350593,0
9.6373843,0
9.6397072,0
9.6420301,0
9.6443551,0
9.646678,0
9.649003,0
9.6513259,0
9.6536488,0
9.6559737,0
9.6582967,0
9.6606196,0
9.6629445,0
9.6652674,0
9.6675903,0
9.6699153,0
9.6722382,0
9.6767424,0
9.6790653,0
9.6813902,0
9.6837131,0
9.6860381,0
9.688361,0
9.6906839,0
9.6930089,0
9.6953318,0
9.6976547,0
9.6999797,0
9.7023026,0
9.7046255,0
9.7069505,0
9.7092734,0
9.7115984,0
9.7139213,0
9.7162441,0
9.7185691,0
9.720892,0
9.7232149,0
9.7255399,0
9.7278628,0
9.7301878,0
9.7325107,0
9.7348336,0
9.7371586,0
9.7394815,0
9.7418044,0
9.7441294,0
9.7464523,0
9.7487773,0
9.7511002,0
9.7534231,0
9.755748,0
9.7602543,0
9.7625793,0
9.7649022,0
9.7672271,0
9.76955,0
9.7718729,0
9.7741979,0
9.7765208,0
9.7788437,0
9.7811687,0
9.7834916,0
9.7858166,0
9.7881395,0
9.7904624,0
9.7927874,0
9.7951103,0
9.7974332,0
9.7997581,0
9.802081,0
9.8044061,0
9.806729,0
9.8090519,0
9.8113768,0
9.8136997,0
9.8160226,0
9.8183476,0
9.8206705,0
9.8229934,0
9.8253184,0
9.8276413,0
9.8299663,0
9.8322892,0
9.8346121,0
9.8369371,0
9.8392599,0
9.8437828,0
9.8461057,0
9.8484286,0
9.8507536,0
9.8530765,0
9.8554015,0
9.8577244,0
9.8600473,0
9.8623723,0
9.8646952,0
9.8670181,0
9.8693431,0
9.871666,0
9.873991,0
9.8763139,0
9.8786368,1254.00085449219
9.8809617,0
9.8832847,0
9.8856075,0
9.8879326,0
9.8902555,0
9.8925804,0
9.8949033,0
9.8972262,0
9.8995512,0
9.9018741,0
9.904197,0
9.906522,0
9.9088449,0
9.9111699,0
9.9134928,0
9.9158157,0
9.9181406,0
9.9204636,0
9.9227864,0
9.9272843,0
9.9296073,0
9.9319322,0
9.9342551,0
9.9365781,0
9.938903,0
9.9412259,0
9.9435509,0
9.9458738,0
9.9481967,0
9.9505217,0
9.9528446,0
9.9551675,0
9.9574925,0
9.9598154,0
9.9621404,0
9.9644632,0
9.9667861,0
9.9691111,0
9.971434,0
9.9737569,0
9.9760819,0
9.9784048,0
9.9807298,0
9.9830527,0
9.9853756,0
9.9877006,0
9.9900235,0
9.9923464,0
9.9946714,0
9.9969943,0
9.9993193,0
10.001642,0
10.003965,0
10.00629,0
10.010788,0
10.013113,0
10.015436,0
10.017759,0
10.020084,0
10.022407,0
10.024729,0
10.027054,0
10.029377,0
10.031702,0
10.034025,0
10.036348,0
10.038673,0
10.040996,0
10.043319,0
10.045644,0
10.047967,0
10.050292,0
10.052615,0
10.054938,0
10.057263,0
10.059585,0
10.061908,0
10.064233,0
10.066556,0
10.068881,0
10.071204,0
10.073527,0
10.075852,0
10.078175,0
10.080498,0
10.082823,0
10.085146,0
10.087469,0
10.091971,0
10.094294,0
10.096619,0
10.098941,0
10.101264,0
10.103589,0
10.105912,0
10.108235,0
10.11056,0
10.112883,0
10.115208,0
10.117531,0
10.119854,0
10.122179,0
10.124502,0
10.126825,0
10.12915,0
10.131472,0
10.133797,0
10.13612,0
10.138443,0
10.140768,0
10.143091,0
10.145414,0
10.147739,0
10.150062,0
10.152387,0
10.15471,0
10.157033,0
10.159358,0
10.161681,0
10.164003,0
10.166328,0
10.168651,0
10.170974,0
10.17547,0
10.177795,0
10.180118,0
10.182441,0
10.184766,0
10.187089,0
10.189414,0
10.191737,0
10.19406,0
10.196385,0
10.198707,0
10.20103,0
10.203355,0
10.205678,0
10.208003,0
10.210326,0
10.212649,0
10.214974,0
10.217297,0
10.21962,0
10.221945,0
10.224268,0
10.226591,0
10.228916,0
10.231238,0
10.233563,0
10.235886,0
10.238209,0
10.240534,0
10.242857,0
10.24518,0
10.247505,0
10.249828,0
10.252153,0
10.254476,0
10.258976,0
10.261299,0
10.263622,0
10.265947,0
10.268269,0
10.270592,0
10.272917,0
10.27524,0
10.277565,0
10.279888,0
10.282211,0
10.284536,0
10.286859,0
10.289184,0
10.291507,0
10.29383,0
10.296155,0
10.298478,0
10.3008,0
10.303125,0
10.305448,0
10.307771,0
10.310096,0
10.312419,0
10.314744,0
10.317067,0
10.31939,0
10.321715,0
10.324038,0
10.326361,0
10.328686,0
10.331009,0
10.333334,0
10.335656,0
10.337979,0
10.342498,0
10.344821,0
10.347144,0
10.349469,0
10.351792,0
10.354117,0
10.35644,0
10.358763,0
10.361088,0
10.36341,0
10.365733,0
10.368058,0
10.370381,0
10.372706,0
10.375029,0
10.377352,0
10.379677,0
10.382,0
10.384323,0
10.386648,0
10.388971,0
10.391296,0
10.393619,0
10.395941,0
10.398266,0
10.400589,0
10.402912,0
10.405237,0
10.40756,0
10.409885,0
10.412208,0
10.414531,0
10.416856,0
10.419179,0
10.421502,0
10.425998,0
10.428322,0
10.430645,0
10.432968,0
10.435293,0
10.437616,0
10.439941,0
10.442264,0
10.444587,0
10.446912,0
10.449235,0
10.451558,0
10.453883,0
10.456206,0
10.458529,0
10.460854,0
10.463176,0
10.465501,0
10.467824,0
10.470147,0
10.472472,0
10.474795,0
10.477118,0
10.479443,0
10.481766,0
10.484091,0
10.486414,0
10.488737,0
10.491062,0
10.493385,0
10.495707,0
10.498032,0
10.500355,0
10.502678,0
10.505003,0
10.509501,0
10.511826,0
10.514149,0
10.516472,0
10.518797,0
10.52112,0
10.523445,0
10.525768,0
10.528091,0
10.530416,0
10.532738,0
10.535061,0
10.537386,0
10.539709,0
10.542032,0
10.544357,0
10.54668,0
10.549005,0
10.551328,0
10.553651,0
10.555976,0
10.558299,0
10.560622,0
10.562947,0
10.565269,0
10.567594,0
10.569917,0
10.57224,0
10.574565,0
10.576888,0
10.579211,0
10.581536,0
10.583859,0
10.586184,0
10.588507,0
10.593007,0
10.59533,0
10.597655,0
10.599978,0
10.6023,0
10.604625,0
10.606948,0
10.609273,0
10.611596,0
10.613919,0
10.616244,0
10.618567,0
10.62089,0
10.623215,0
10.625538,0
10.627861,0
10.630186,0
10.632509,0
10.634834,0
10.637156,0
10.639479,0
10.641804,0
10.644127,0
10.64645,0
10.648775,0
10.651098,0
10.653423,0
10.655746,0
10.658069,0
10.660394,0
10.662717,0
10.66504,0
10.667365,0
10.669687,0
10.672012,0
10.676517,0
10.678839,0
10.681162,0
10.683487,0
10.68581,0
10.688135,0
10.690458,0
10.692781,0
10.695106,0
10.697429,0
10.699752,0
10.702077,0
10.7044,0
10.706725,0
10.709048,0
10.71137,0
10.713695,0
10.716018,0
10.718341,0
10.720666,0
10.722989,0
10.725314,0
10.727637,0
10.72996,0
10.732285,0
10.734608,0
10.736931,0
10.739256,0
10.741579,0
10.743904,0
10.746227,0
10.748549,0
10.750874,0
10.753197,0
10.772393,0
10.793407,0
10.812593,0
10.83189,0
10.851151,0
10.858547,0
10.863203,0
10.866557,0
10.869728,0
10.873078,0
10.876426,0
10.879555,0
10.882928,0
10.886082,0
10.889461,0
10.89279,0
10.895928,0
10.898252,0
10.900575,0
10.902898,0
10.905223,0
10.907546,0
10.909871,0
10.912194,0
10.916917,0
10.920565,0
10.924456,0
10.926779,0
10.929102,0
10.931427,0
10.93375,0
10.936075,0
10.938398,0
10.940721,0
10.943046,0
10.945369,0
10.947692,0
10.950017,0
10.954681,0
10.959369,0
10.963142,0
10.967887,0
10.972725,0
10.977496,0
10.981248,0
10.984598,0
10.986923,0
10.989246,0
10.991569,0
10.993893,0
10.99871,0
11.002571,0
11.007535,0
11.011666,0
11.014785,0
11.017108,0
11.019433,0
11.021756,0
11.024079,0
11.026404,0
11.028727,0
11.031052,0
11.033374,0
11.035697,0
11.038022,0
11.040345,0
11.042668,0
11.044993,0
11.047316,0
11.049641,0
11.051964,0
11.054287,0
11.056612,0
11.058935,0
11.061258,0
11.063583,0
11.065905,0
11.06823,0
11.070553,0
11.072876,0
11.075201,0
11.077524,0
11.079847,0
11.082172,0
11.084495,0
11.08682,0
11.089143,0
11.093853,0
11.096176,0
11.098501,0
11.100824,0
11.106336,0
11.110532,0
11.113903,0
11.116226,0
11.118549,0
11.120874,0
11.126274,0
11.13054,0
11.133936,0
11.139434,0
11.143438,0
11.145761,0
11.148084,0
11.150409,0
11.152732,0
11.155055,0
11.15738,0
11.159703,0
11.162028,0
11.164351,0
11.169846,0
11.174078,0
11.178911,0
11.181236,0
11.183559,0
11.185882,0
11.188207,0
11.19053,0
11.192853,0
11.195177,0
11.1975,0
11.199825,0
11.202148,0
11.204471,0
11.206796,0
11.209119,0
11.211442,0
11.213767,0
11.21609,0
11.218415,0
11.220738,0
11.223061,0
11.225386,0
11.227709,0
11.230031,0
11.232356,0
11.234679,0
11.237004,0
11.239327,0
11.24165,0
11.243975,0
11.246298,0
11.248621,0
11.250946,0
11.253269,0
11.255592,0
11.260427,0
11.26275,0
11.265075,0
11.267398,0
11.269723,0
11.272046,0
11.274369,0
11.276694,0
11.279016,0
11.281339,0
11.283664,0
11.285987,0
11.288312,0
11.290635,0
11.296133,0
11.300371,0
11.302695,0
11.305018,0
11.310516,0
11.314585,0
11.316908,0
11.319231,0
11.321556,0
11.327118,0
11.331354,0
11.333677,0
11.336001,0
11.341497,0
11.346335,0
11.348658,0
11.350981,0
11.353306,0
11.355628,0
11.357953,0
11.360276,0
11.362599,0
11.364924,0
11.367247,0
11.36957,0
11.371895,0
11.374218,0
11.376541,0
11.378866,0
11.381189,0
11.383514,0
11.385837,0
11.388159,0
11.390484,0
11.392807,0
11.39513,0
11.397455,0
11.399778,0
11.402103,0
11.404426,0
11.406749,0
11.409074,0
11.411397,0
11.41372,0
11.416045,0
11.418368,0
11.420693,0
11.425528,0
11.427853,0
11.430176,0
11.432499,0
11.434824,0
11.437147,0
11.43947,0
11.441795,0
11.444117,0
11.446442,0
11.448765,0
11.451088,0
11.453413,0
11.455736,0
11.458059,0
11.460384,0
11.46588,0
11.470119,0
11.472442,0
11.474765,0
11.480265,0
11.484332,0
11.486655,0
11.48898,0
11.491302,0
11.493625,0
11.499192,0
11.503425,0
11.505748,0
11.508073,0
11.516304,0
11.520534,0
11.522856,0
11.525179,0
11.527504,0
11.529827,0
11.532152,0
11.534475,0
11.536798,0
11.539123,0
11.541446,0
11.543769,0
11.546094,0
11.548417,0
11.550742,0
11.553065,0
11.555387,0
11.557712,0
11.560035,0
11.562358,0
11.564683,0
11.567006,0
11.569331,0
11.571654,0
11.573977,0
11.576302,0
11.578625,0
11.580948,0
11.583273,0
11.585596,0
11.587921,0
11.592754,0
11.595079,0
11.597402,0
11.599725,0
11.60205,0
11.604373,0
11.606697,0
11.60902,0
11.611343,0
11.613668,0
11.615991,0
11.618314,0
11.620639,0
11.622962,0
11.625287,0
11.62761,0
11.629933,0
11.635433,0
11.639499,0
11.641822,0
11.644145,0
11.649651,0
11.653881,0
11.656203,0
11.658528,0
11.660851,0
11.663174,0
11.665499,0
11.667822,0
11.670147,0
11.67247,0
11.677314,0
11.679639,0
11.68857,0
11.692943,0
11.696262,0
11.698584,0
11.700909,0
11.703232,0
11.705555,0
11.70788,0
11.710203,0
11.712528,0
11.714851,0
11.717174,0
11.719499,0
11.721822,0
11.724145,0
11.72647,0
11.728792,0
11.731117,0
11.73344,0
11.735763,0
11.738088,0
11.740411,0
11.742734,0
11.745059,0
11.747382,0
11.749707,0
11.75203,0
11.754353,0
11.759317,0
11.763942,0
11.76708,0
11.769405,0
11.771728,0
11.77405,0
11.776375,0
11.778698,0
11.781023,0
11.783346,0
11.785669,0
11.787994,0
11.790317,0
11.792642,0
11.794965,0
11.797288,0
11.799613,0
11.80514,0
11.809202,0
11.811525,0
11.81385,0
11.819365,0
11.823596,0
11.825921,0
11.828244,0
11.830567,0
11.832892,0
11.835215,0
11.837538,0
11.842375,0
11.8447,0
11.847023,0
11.849346,0
11.854844,0
11.859085,0
11.861408,0
11.863733,0
11.869302,0
11.87335,0
11.875673,0
11.877996,0
11.880321,0
11.882644,0
11.884968,0
11.887291,0
11.889614,0
11.891939,0
11.894262,0
11.896585,0
11.89891,0
11.901233,0
11.903558,0
11.905881,0
11.908204,0
11.910529,0
11.912852,0
11.915175,0
11.917499,0
11.919822,0
11.922145,0
11.926989,0
11.929312,0
11.931635,0
11.93396,0
11.936283,0
11.938606,0
11.940931,0
11.943253,0
11.945578,0
11.947901,0
11.950224,0
11.952549,0
11.954872,0
11.957195,0
11.95952,0
11.961843,0
11.964168,0
11.966491,0
11.968814,0
11.974312,0
11.978547,0
11.98087,0
11.983195,0
11.988707,0
11.992941,0
11.995264,0
11.997586,0
11.999911,0
